HOURLY,HOUR,TEMP,RH,WD,WS,PRECIP
2022-08-13, 00, 12.1, 59, 189, 8, 0.00
2022-08-13, 01, 11.7, 60, 178, 8, 0.00
2022-08-13, 02, 11.4, 60, 164, 7, 0.00
2022-08-13, 03, 11.0, 61, 151, 7, 0.00
2022-08-13, 04, 10.6, 61, 146, 7, 0.00
2022-08-13, 05, 10.1, 60, 142, 8, 0.00
2022-08-13, 06, 9.7, 60, 137, 8, 0.00
2022-08-13, 07, 11.5, 54, 142, 9, 0.00
2022-08-13, 08, 13.2, 49, 146, 11, 0.00
2022-08-13, 09, 15.0, 43, 149, 12, 0.00
2022-08-13, 10, 16.6, 40, 155, 12, 0.00
2022-08-13, 11, 18.2, 38, 161, 11, 0.00
2022-08-13, 12, 19.8, 35, 167, 11, 0.00
2022-08-13, 13, 20.8, 35, 176, 12, 0.00
2022-08-13, 14, 21.9, 34, 184, 12, 0.00
2022-08-13, 15, 22.9, 34, 191, 13, 0.00
2022-08-13, 16, 23.0, 34, 196, 12, 0.00
2022-08-13, 17, 23.1, 35, 200, 12, 0.00
2022-08-13, 18, 23.2, 35, 206, 11, 0.00
2022-08-13, 19, 21.4, 41, 191, 10, 0.00
2022-08-13, 20, 19.7, 46, 170, 9, 0.00
2022-08-13, 21, 17.9, 52, 147, 8, 0.00
2022-08-13, 22, 16.7, 52, 134, 8, 0.00
2022-08-13, 23, 15.4, 53, 122, 9, 0.00
2022-08-14, 00, 14.2, 53, 112, 9, 0.00
2022-08-14, 01, 13.8, 54, 112, 9, 0.00
2022-08-14, 02, 13.4, 55, 112, 10, 0.00
2022-08-14, 03, 13.0, 56, 112, 10, 0.00
2022-08-14, 04, 12.6, 57, 111, 10, 0.00
2022-08-14, 05, 12.3, 57, 110, 10, 0.00
2022-08-14, 06, 11.9, 58, 109, 10, 0.00
2022-08-14, 07, 13.9, 55, 117, 11, 0.00
2022-08-14, 08, 15.8, 52, 123, 11, 0.00
2022-08-14, 09, 17.8, 49, 129, 12, 0.00
2022-08-14, 10, 19.7, 44, 134, 12, 0.00
2022-08-14, 11, 21.5, 39, 138, 13, 0.00
2022-08-14, 12, 23.4, 34, 143, 13, 0.00
2022-08-14, 13, 24.2, 31, 138, 13, 0.00
2022-08-14, 14, 25.1, 28, 133, 13, 0.00
2022-08-14, 15, 25.9, 25, 129, 13, 0.00
2022-08-14, 16, 25.8, 25, 132, 12, 0.00
2022-08-14, 17, 25.7, 24, 135, 12, 0.00
2022-08-14, 18, 25.6, 24, 138, 11, 0.00
2022-08-14, 19, 23.5, 30, 124, 11, 0.00
2022-08-14, 20, 21.4, 36, 109, 11, 0.00
2022-08-14, 21, 19.3, 42, 095, 11, 0.00
2022-08-14, 22, 18.4, 44, 096, 11, 0.00
2022-08-14, 23, 17.5, 45, 097, 11, 0.00
2022-08-15, 00, 16.6, 47, 099, 11, 0.00
2022-08-15, 01, 16.2, 48, 104, 11, 0.00
2022-08-15, 02, 15.9, 50, 110, 11, 0.00
2022-08-15, 03, 15.5, 51, 116, 11, 0.00
2022-08-15, 04, 15.2, 52, 119, 11, 0.00
2022-08-15, 05, 14.8, 54, 123, 10, 0.00
2022-08-15, 06, 14.5, 55, 127, 10, 0.00
2022-08-15, 07, 16.5, 50, 137, 11, 0.00
2022-08-15, 08, 18.6, 46, 146, 12, 0.00
2022-08-15, 09, 20.6, 41, 152, 13, 0.00
2022-08-15, 10, 21.9, 42, 164, 13, 0.00
2022-08-15, 11, 23.2, 43, 176, 14, 0.00
2022-08-15, 12, 24.5, 44, 187, 14, 0.00
2022-08-15, 13, 25.4, 42, 193, 15, 0.00
2022-08-15, 14, 26.2, 41, 199, 16, 0.00
2022-08-15, 15, 27.1, 39, 204, 17, 0.00
2022-08-15, 16, 26.8, 39, 210, 15, 0.00
2022-08-15, 17, 26.6, 38, 218, 14, 0.00
2022-08-15, 18, 26.3, 38, 228, 12, 0.00
2022-08-15, 19, 24.3, 43, 222, 11, 0.00
2022-08-15, 20, 22.3, 48, 215, 9, 0.00
2022-08-15, 21, 20.3, 53, 204, 8, 0.00
2022-08-15, 22, 19.2, 53, 203, 8, 0.00
2022-08-15, 23, 18.1, 53, 201, 8, 0.00
2022-08-16, 00, 17.0, 53, 200, 8, 0.00
2022-08-16, 01, 16.6, 54, 194, 7, 0.00
2022-08-16, 02, 16.1, 55, 186, 6, 0.00
2022-08-16, 03, 15.7, 56, 175, 5, 0.00
2022-08-16, 04, 15.5, 57, 173, 4, 0.00
2022-08-16, 05, 15.2, 59, 168, 3, 0.00
2022-08-16, 06, 15.0, 60, 159, 2, 0.00
2022-08-16, 07, 17.1, 55, 290, 4, 0.00
2022-08-16, 08, 19.2, 50, 313, 5, 0.00
2022-08-16, 09, 21.3, 45, 317, 7, 0.00
2022-08-16, 10, 22.8, 43, 307, 7, 0.00
2022-08-16, 11, 24.4, 42, 298, 7, 0.00
2022-08-16, 12, 25.9, 40, 290, 7, 0.00
2022-08-16, 13, 26.8, 38, 292, 9, 0.00
2022-08-16, 14, 27.6, 36, 293, 12, 0.00
2022-08-16, 15, 28.5, 34, 294, 14, 0.00
2022-08-16, 16, 28.3, 34, 286, 14, 0.00
2022-08-16, 17, 28.0, 33, 277, 14, 0.00
2022-08-16, 18, 27.8, 33, 269, 14, 0.00
2022-08-16, 19, 25.5, 41, 263, 13, 0.00
2022-08-16, 20, 23.3, 49, 256, 11, 0.00
2022-08-16, 21, 21.0, 57, 247, 10, 0.00
2022-08-16, 22, 20.0, 58, 256, 9, 0.00
2022-08-16, 23, 19.0, 59, 269, 8, 0.00
2022-08-17, 00, 18.0, 60, 286, 7, 0.00
2022-08-17, 01, 17.7, 62, 288, 6, 0.00
2022-08-17, 02, 17.4, 64, 290, 5, 0.00
2022-08-17, 03, 17.1, 66, 294, 4, 0.00
2022-08-17, 04, 16.9, 67, 263, 4, 0.00
2022-08-17, 05, 16.7, 67, 180, 4, 0.00
2022-08-17, 06, 16.5, 68, 155, 4, 0.00
2022-08-17, 07, 17.8, 64, 173, 5, 0.00
2022-08-17, 08, 19.2, 59, 184, 7, 0.00
2022-08-17, 09, 20.5, 55, 191, 8, 0.00
2022-08-17, 10, 22.1, 49, 202, 8, 0.00
2022-08-17, 11, 23.7, 44, 212, 9, 0.00
2022-08-17, 12, 25.3, 38, 222, 9, 0.00
2022-08-17, 13, 26.0, 36, 229, 11, 0.00
2022-08-17, 14, 26.8, 33, 233, 13, 0.00
2022-08-17, 15, 27.5, 31, 237, 15, 0.00
2022-08-17, 16, 27.1, 32, 232, 14, 0.00
2022-08-17, 17, 26.8, 34, 228, 14, 0.00
2022-08-17, 18, 26.4, 35, 222, 13, 0.00
2022-08-17, 19, 24.2, 42, 216, 11, 0.00
2022-08-17, 20, 22.1, 49, 208, 10, 0.00
2022-08-17, 21, 19.9, 56, 197, 8, 0.00
2022-08-17, 22, 19.1, 55, 186, 8, 0.00
2022-08-17, 23, 18.4, 53, 176, 8, 0.00
2022-08-18, 00, 17.6, 52, 166, 8, 0.00
2022-08-18, 01, 17.2, 54, 164, 9, 0.00
2022-08-18, 02, 16.9, 56, 162, 10, 0.00
2022-08-18, 03, 16.5, 58, 161, 11, 0.00
2022-08-18, 04, 16.3, 60, 164, 11, 0.00
2022-08-18, 05, 16.0, 61, 166, 10, 0.00
2022-08-18, 06, 15.8, 63, 168, 10, 0.00
2022-08-18, 07, 17.4, 58, 175, 11, 0.00
2022-08-18, 08, 19.0, 54, 181, 13, 0.00
2022-08-18, 09, 20.6, 49, 185, 14, 0.00
2022-08-18, 10, 22.4, 45, 187, 15, 0.00
2022-08-18, 11, 24.1, 41, 189, 16, 0.00
2022-08-18, 12, 25.9, 37, 191, 17, 0.00
2022-08-18, 13, 27.0, 35, 195, 17, 0.00
2022-08-18, 14, 28.0, 34, 199, 17, 0.00
2022-08-18, 15, 29.1, 32, 203, 17, 0.00
2022-08-18, 16, 29.2, 32, 207, 15, 0.00
2022-08-18, 17, 29.2, 33, 211, 14, 0.00
2022-08-18, 18, 29.3, 33, 217, 12, 0.00
2022-08-18, 19, 27.1, 39, 208, 11, 0.00
2022-08-18, 20, 25.0, 46, 195, 9, 0.00
2022-08-18, 21, 22.8, 52, 178, 8, 0.00
2022-08-18, 22, 22.0, 52, 178, 8, 0.00
2022-08-18, 23, 21.1, 53, 178, 8, 0.00
2022-08-19, 00, 20.3, 53, 177, 8, 0.00
2022-08-19, 01, 20.0, 53, 175, 8, 0.00
2022-08-19, 02, 19.7, 53, 173, 9, 0.00
2022-08-19, 03, 19.4, 53, 171, 9, 0.00
2022-08-19, 04, 18.6, 57, 175, 9, 0.00
2022-08-19, 05, 17.9, 61, 181, 9, 0.00
2022-08-19, 06, 17.1, 65, 186, 9, 0.00
2022-08-19, 07, 18.8, 60, 188, 10, 0.00
2022-08-19, 08, 20.6, 56, 190, 10, 0.00
2022-08-19, 09, 22.3, 51, 191, 11, 0.00
2022-08-19, 10, 24.2, 46, 193, 12, 0.00
2022-08-19, 11, 26.2, 40, 195, 12, 0.00
2022-08-19, 12, 28.1, 35, 196, 13, 0.00
2022-08-19, 13, 28.9, 33, 205, 14, 0.00
2022-08-19, 14, 29.7, 31, 213, 15, 0.00
2022-08-19, 15, 30.5, 29, 220, 16, 0.00
2022-08-19, 16, 29.9, 31, 223, 15, 0.00
2022-08-19, 17, 29.4, 34, 227, 14, 0.00
2022-08-19, 18, 28.8, 36, 232, 13, 0.00
2022-08-19, 19, 26.6, 42, 239, 11, 0.00
2022-08-19, 20, 24.4, 47, 248, 10, 0.00
2022-08-19, 21, 22.2, 53, 260, 8, 0.00
2022-08-19, 22, 21.4, 51, 286, 9, 0.00
2022-08-19, 23, 20.6, 48, 315, 9, 0.00
2022-08-20, 00, 19.8, 46, 336, 10, 0.00
2022-08-20, 01, 18.9, 47, 340, 10, 0.00
2022-08-20, 02, 18.0, 49, 344, 10, 0.00
2022-08-20, 03, 17.1, 50, 348, 10, 0.00
2022-08-20, 04, 16.7, 55, 355, 10, 0.00
2022-08-20, 05, 16.4, 60, 003, 10, 0.00
2022-08-20, 06, 16.0, 65, 010, 10, 0.00
2022-08-20, 07, 17.0, 64, 014, 10, 0.00
2022-08-20, 08, 17.9, 62, 018, 10, 0.00
2022-08-20, 09, 18.9, 61, 023, 10, 0.00
2022-08-20, 10, 20.3, 53, 026, 9, 0.00
2022-08-20, 11, 21.8, 45, 030, 8, 0.00
2022-08-20, 12, 23.2, 37, 035, 7, 0.00
2022-08-20, 13, 23.7, 36, 074, 8, 0.00
2022-08-20, 14, 24.3, 35, 176, 9, 0.00
2022-08-20, 15, 24.8, 34, 189, 10, 0.00
2022-08-20, 16, 24.6, 34, 200, 12, 0.00
2022-08-20, 17, 24.4, 35, 209, 13, 0.00
2022-08-20, 18, 24.2, 35, 215, 15, 0.00
2022-08-20, 19, 22.0, 42, 213, 13, 0.00
2022-08-20, 20, 19.8, 50, 211, 12, 0.00
2022-08-20, 21, 17.6, 57, 207, 10, 0.00
2022-08-20, 22, 17.2, 59, 199, 11, 0.00
2022-08-20, 23, 16.8, 60, 192, 11, 0.00
2022-08-21, 00, 16.4, 62, 186, 12, 0.00
2022-08-21, 01, 15.6, 69, 187, 11, 0.00
2022-08-21, 02, 14.9, 76, 187, 9, 0.00
2022-08-21, 03, 14.1, 83, 188, 8, 0.00
2022-08-21, 04, 13.7, 85, 194, 6, 0.00
2022-08-21, 05, 13.3, 87, 204, 5, 0.00
2022-08-21, 06, 12.9, 89, 224, 3, 0.00
2022-08-21, 07, 15.0, 78, 261, 4, 0.00
2022-08-21, 08, 17.1, 68, 283, 6, 0.00
2022-08-21, 09, 19.2, 57, 294, 7, 0.00
2022-08-21, 10, 20.8, 51, 307, 9, 0.00
2022-08-21, 11, 22.5, 45, 315, 11, 0.00
2022-08-21, 12, 24.1, 39, 321, 13, 0.00
2022-08-21, 13, 24.9, 36, 323, 12, 0.00
2022-08-21, 14, 25.8, 32, 325, 12, 0.00
2022-08-21, 15, 26.6, 29, 328, 11, 0.00
2022-08-21, 16, 26.3, 30, 302, 12, 0.00
2022-08-21, 17, 26.1, 31, 273, 12, 0.00
2022-08-21, 18, 25.8, 32, 252, 13, 0.00
2022-08-21, 19, 23.8, 39, 250, 10, 0.00
2022-08-21, 20, 21.7, 45, 228, 7, 0.00
2022-08-21, 21, 19.7, 52, 084, 4, 0.00
2022-08-21, 22, 18.6, 55, 095, 4, 0.00
2022-08-21, 23, 17.4, 59, 109, 3, 0.00
2022-08-22, 00, 16.3, 62, 126, 3, 0.00
2022-08-22, 01, 15.9, 63, 087, 4, 0.00
2022-08-22, 02, 15.6, 64, 049, 4, 0.00
2022-08-22, 03, 15.2, 65, 030, 5, 0.00
2022-08-22, 04, 14.9, 66, 027, 4, 0.00
2022-08-22, 05, 14.5, 68, 022, 3, 0.00
2022-08-22, 06, 14.2, 69, 012, 2, 0.00
2022-08-22, 07, 16.1, 63, 335, 5, 0.00
2022-08-22, 08, 18.1, 56, 326, 7, 0.00
2022-08-22, 09, 20.0, 50, 322, 10, 0.00
2022-08-22, 10, 21.4, 45, 317, 11, 0.00
2022-08-22, 11, 22.8, 39, 313, 11, 0.00
2022-08-22, 12, 24.2, 34, 309, 12, 0.00
2022-08-22, 13, 24.8, 32, 312, 12, 0.00
2022-08-22, 14, 25.5, 29, 316, 13, 0.00
2022-08-22, 15, 26.1, 27, 319, 13, 0.00
2022-08-22, 16, 26.0, 28, 314, 11, 0.00
2022-08-22, 17, 25.8, 28, 306, 10, 0.00
2022-08-22, 18, 25.7, 29, 295, 8, 0.00
2022-08-22, 19, 23.5, 36, 283, 7, 0.00
2022-08-22, 20, 21.2, 43, 266, 6, 0.00
2022-08-22, 21, 19.0, 50, 243, 5, 0.00
2022-08-22, 22, 18.4, 51, 189, 6, 0.00
2022-08-22, 23, 17.7, 53, 139, 8, 0.00
2022-08-23, 00, 17.1, 54, 124, 9, 0.00